0.01656868
0.03386471
0.07656328
0.01656824
0.07596713
0.01656824
0.07158701
0.01656779
0.07309034
0.01656868
0.02578675
0.03537741
0.07271595
0.01657493
0.06258626
0.01656913
0.06905381
0.01656779
0.07346828
0.01656779
0.07956904
0.01656868
0.03394012
0.07448567
0.01656824
0.06878518
0.01656824
0.06568661
0.01656824
0.07082085
0.01656913
0.03295843
0.07096944
0.01656779
0.07398099
0.01811574
0.06126053
0.01656958
0.07197612
0.01656868
0.06474419
0.01656735
0.07304839
0.01656824
0.06854511
0.01656824
0.06956295
0.01656779
0.06687
0.01656779
0.07200111
0.01656824
0.07359278
0.01656735
0.07396493
0.01656735
0.07269409
0.01656779
0.07382482
0.01656779
0.0738507
0.01656735
0.07415815
0.01656824
0.07444552
0.01656735
0.07699791
0.01656779
0.03276745
0.07183913
0.01656824
0.06264204
0.01656868
0.02750515
0.07017873
0.01656779
0.06392448
0.01656824
0.06314136
0.01656735
0.07376904
0.01656779
0.07759674
0.01656824
0.076408
0.01656779
0.07435047
0.01656868
0.07291809
0.01656779
0.07476858
0.01656868
0.07445712
0.01656824
0.07485916
0.01656779
0.07815451
0.01656779
0.03590484
0.06968655
mean is: 0.04321352fps is: 23.1409084283408