0.02558371
0.03068181
0.02693354
0.02817359
0.02850067
0.02669659
0.02769702
0.01656824
0.03081523
0.04205155
0.01656824
0.04932765
0.01656735
0.03380001
0.02794602
0.02710667
0.02857296
0.05559708
0.02235708
0.03119541
0.01656824
0.03164208
0.02753638
0.02733291
0.02787641
0.02866533
0.02803214
0.02769435
0.02442844
0.02339946
0.01655396
0.01656378
0.01656779
0.01656556
0.01656645
0.0165669
0.01656556
0.01656779
0.01656601
0.01656735
0.01656735
0.01656556
0.01656735
0.01656601
0.01656868
0.01656511
0.01670434
0.01642991
0.01656467
0.01656779
0.0165669
0.01656645
0.0165669
0.0165669
0.01656511
0.01656824
0.01656735
0.01656601
0.01656601
0.01656601
0.01656735
0.0165669
0.0165669
0.01656645
0.01656735
0.01656601
0.01656511
0.01656824
0.01656645
0.01657002
0.01656333
0.01656735
0.01656601
0.01656779
0.01656467
0.0165843
0.01654905
0.01656779
0.0165669
0.01656601
0.01656601
0.01657002
0.01656422
0.01656645
0.01656779
0.0165669
0.01656735
0.01656467
0.0165669
0.01656645
0.01671326
0.01642009
0.01656601
0.0165727
0.0165611
0.01656779
0.01662045
0.0165669
0.01656868
0.01656601
0.01656601
0.01656735
0.01656645
0.0165669
0.01656601
0.01656779
0.01656645
0.01656735
0.01656467
0.01656779
0.01656779
0.01656556
0.01656645
0.01656645
0.0165669
0.0165669
0.0165669
0.01656467
0.01656824
0.01656645
0.0165669
0.01656645
0.0165669
0.0165669
0.01656779
0.01656556
0.01656824
0.01656467
0.01656735
0.01656601
0.01656735
0.01656601
0.01656601
0.01656645
0.02124643
0.01656868
0.01656511
0.01656824
0.01656645
0.01656645
0.01656824
0.01656601
0.01656601
0.01656601
0.01656779
0.01656601
0.01656824
0.01656601
0.01656601
0.01656735
0.0165669
0.01656735
0.01656601
0.01656601
0.01656601
0.01656601
0.01674985
0.0163835
0.0165669
0.01656601
0.0165669
0.01656779
0.01657493
0.01655753
0.01656824
0.01656511
0.01656779
0.01656779
0.01656556
0.01656645
0.01721972
0.01591363
0.0165669
0.01656556
0.01656913
0.01656645
0.01656601
0.01656601
0.0165669
0.0165669
0.01656601
0.0165669
0.0165669
0.01656645
0.01656645
0.0165669
0.01656556
0.01656735
0.01656735
0.01656601
0.0165669
0.01656824
0.01656511
0.0165669
0.01656645
0.0165669
0.01656779
0.01656556
0.01656601
0.01656601
0.01656779
0.01656735
0.01656556
0.01656735
0.01656645
0.0165669
0.0165669
0.01656556
0.01656824
0.01656601
0.0165669
0.0165669
0.01656601
0.0165669
0.0165669
0.01656511
0.01656735
0.01656645
0.01656735
0.01656645
0.0165669
0.01656645
0.0165669
0.01656645
0.01656645
0.0165669
0.0165669
0.01659546
0.01653923
0.01656511
0.01656556
0.01663026
0.01650711
0.01656378
0.0165669
0.0165669
0.01656645
0.01656645
0.01656601
0.0165669
0.01656735
0.01656645
0.01656556
0.01659635
0.01653789
0.01656645
0.01656779
0.01656556
0.0165669
0.01656779
0.01656645
0.01656601
0.0192603
0.01657091
0.0175709
0.01657002
0.01656422
0.01690603
0.01817642
0.01656868
0.01656556
0.01656645
0.01656779
0.01656601
0.01656601
0.01706622
0.01606847
0.0165669
0.01656645
0.01656645
0.01656511
0.01656824
0.01656645
0.01656601
0.01656824
0.01656645
0.01656645
0.01656735
0.01656511
0.01656824
0.01656601
0.01656779
0.01656511
0.0165669
0.01656735
0.01656467
0.01657002
0.01656422
0.0165669
0.0165669
0.01656824
0.01788459
0.01967662
0.01656868
0.01656868
0.01656333
0.01656779
0.01656779
0.0165669
0.01656645
0.0165669
0.01657047
0.01656333
0.01656511
0.01656601
0.0165669
0.01656645
0.0165669
0.0165669
0.01660349
0.01667712
0.01641965
0.0165669
0.0165669
0.01656645
0.01656601
0.01695734
0.01759857
0.01657002
0.01656511
0.01656735
0.01656511
0.01656824
0.01656913
0.01656422
0.01656467
0.01656868
0.01656556
0.01677707
0.01656958
0.01656556
0.01656735
0.01656556
0.01656735
0.0165669
0.01656511
0.01656824
0.01656735
0.01656511
0.01658296
0.01656824
0.01656601
0.01656735
0.0165669
0.0165669
0.01659769
0.01656958
0.01656511
0.01656556
0.01657002
0.01656645
0.0165669
0.01656556
0.01656645
0.01656601
0.0165669
0.01656645
0.01671192
0.0182563
0.01657002
0.01656601
0.01656913
0.01656288
0.01656735
0.01656779
0.01656511
0.01853162
0.01656735
0.02387245
0.01742543
0.0157106
0.01656556
0.01658341
0.01760749
0.01656824
0.01656735
0.01656645
0.01656601
0.01658564
0.01654816
0.01656645
0.0165669
0.01656645
0.01656779
0.01695154
0.01703811
0.0165669
0.01656735
0.01656735
0.01656645
0.01656645
0.01656779
0.01656601
0.01656601
0.01656779
0.01806353
0.01704659
0.0165727
0.01656154
0.01666774
0.01646828
0.01656511
0.01669586
0.01643928
0.01656422
0.01656735
0.01656645
0.01656601
0.01656779
0.01656601
0.01656645
0.01656735
0.01656645
0.01726479
0.01685739
0.01656958
0.01656467
0.01656735
0.01656511
0.01656645
0.01707158
0.01656913
0.01685828
0.01676279
0.0163719
0.01656645
0.01656556
0.01731298
0.01656868
0.01656511
0.0165669
0.01656868
0.01656601
0.01656422
0.01657047
0.01656556
0.01656779
0.01656511
0.01656645
0.01656735
0.01761017
0.01670478
0.01642946
0.01752404
0.01656735
0.01678287
0.01822863
0.01656958
0.01656511
0.0165669
0.01656467
0.0166731
0.01656824
0.01656645
0.0165669
0.0165669
0.01656645
0.01656735
0.01656645
0.0165669
0.0165669
0.01656601
0.01656735
0.01656511
0.0165669
0.01664945
0.01648479
0.0165669
0.01656735
0.01656735
0.01656422
0.01656735
0.0165669
0.01656601
0.01656735
0.01656645
0.01656601
0.0165669
0.0165669
0.0165669
0.01658921
0.01654414
0.0165669
0.01656556
0.01656645
0.02538292
0.01656868
0.01656645
0.01656645
0.0165669
0.01656601
0.0165669
0.01656735
0.01656645
0.01656913
0.01656422
0.0165669
0.01656556
0.01656735
0.0165669
0.0165669
0.01656645
0.01656868
0.01656511
0.01656556
0.01659189
0.01654236
0.0165669
0.01656601
0.0165669
0.01656645
0.01656645
0.01656735
0.01656511
0.01656779
0.01656645
0.0165669
0.01656601
0.01656735
0.01656645
0.0165669
0.01656779
0.01656601
0.01656779
0.01656511
0.0165669
0.01656645
0.0165669
0.01656645
0.01704436
0.01608899
0.0165669
0.01657002
0.01656333
0.0165669
0.0178962
0.01656824
0.01656645
0.01659769
0.01653522
0.0165669
0.0165669
0.0165669
0.01656601
0.01669318
0.01730227
0.01939773
0.01755305
0.01656868
0.01656645
0.01656601
0.01656645
0.01656735
0.01656824
0.01656467
0.01656868
0.01656601
0.01656601
0.01656735
0.01657493
0.01655842
0.01656601
0.01656735
0.01656601
0.01656913
0.01656288
0.0165669
0.01656735
0.01656913
0.01656467
0.0165669
0.0165669
0.01656735
0.01656779
0.01656467
0.01656511
0.01656645
0.01684757
0.01656913
0.01656601
0.01656824
0.01656511
0.0165669
0.01656645
0.01656601
0.01657493
0.01656868
0.01656601
0.0165669
0.01656645
0.01656511
0.01656824
0.01656779
0.01657716
0.01655574
0.01656735
0.01656735
0.01656601
0.01656601
0.01656511
0.01656824
0.01656467
0.01801132
0.01656735
0.01656779
0.01656735
0.01656511
0.01656779
0.01656645
0.0165669
0.01656556
0.01656735
0.01656645
0.01656735
0.01656556
0.01656868
0.01656735
0.01656645
0.01656333
0.01656868
0.01656556
0.01656779
0.01656645
0.0165669
0.01656645
0.01656735
0.01656556
0.01657225
0.01656154
0.01656645
0.0165669
0.01656735
0.01656556
0.01656735
0.01656645
0.01662937
0.01650577
0.01656467
0.0165669
0.0165669
0.0165669
0.01656645
0.01656645
0.01656511
0.01656824
0.0165669
0.01656645
0.01656556
0.01782435
0.01656824
0.0165669
0.01753163
0.01560574
0.01656199
0.01656779
0.01656645
0.01656735
0.01656601
0.01656735
0.01656511
0.01724917
0.01656868
0.01851511
0.01656868
0.01656556
0.01656779
0.01660974
0.01652361
0.01656868
0.01656467
0.01656467
0.01682392
0.01656868
0.01656645
0.01657047
0.01697921
0.01615057
0.01656467
0.01656868
0.01656601
0.0165669
0.01708719
0.01604973
0.01656467
0.01656601
0.01656511
0.01656824
0.01656601
0.0165669
0.0165669
0.01656824
0.01656467
0.0165669
0.01656556
0.01656645
0.01656645
0.01656868
0.01656511
0.01660617
0.01652808
0.01668069
0.01656824
0.01656824
0.01656422
0.0165669
0.0165669
0.01656601
0.01656824
0.01656601
0.01656645
0.01656601
0.01656779
0.01656645
0.01692388
0.01656824
0.01656645
0.01656735
0.01656645
0.01656645
0.01672218
0.01656735
0.01656779
0.01656735
0.01656467
0.01656824
0.01664454
0.01648881
0.01656556
0.01656779
0.01656645
0.01656735
0.01657002
0.01656378
0.01656511
0.01656735
0.01656601
0.01656735
0.01656735
0.01656511
0.01656735
0.0165669
0.01656645
0.01656601
0.01656735
0.01656601
0.01673022
0.01656824
0.01656601
0.01656824
0.01656824
0.01656422
0.0165669
0.01656735
0.0165669
0.01656556
0.0165669
0.01656645
0.0165669
0.01656556
0.01656645
0.01656824
0.01656601
0.01656645
0.01656735
0.01656645
0.01656645
0.0165669
0.01656556
0.01656735
0.0165669
0.01656645
0.01662803
0.01650532
0.01671817
0.01641518
0.0165669
0.01656735
0.0165669
0.01656735
0.01656422
0.01656779
0.01656735
0.01656467
0.01656779
0.01656645
0.01656601
0.01739777
0.01656868
0.01656824
0.01656511
0.0165669
0.01663428
0.0165669
0.01656735
0.01656779
0.0165669
0.01656645
0.01656601
0.01656735
0.01656467
0.01656735
0.01656779
0.01656601
0.01656735
0.01656735
0.01656511
0.01656779
0.01656645
0.0165669
0.01656601
0.01656735
0.0165669
0.01656735
0.01656467
0.01656779
0.01656645
0.01656645
0.01656735
0.01656467
0.01657002
0.01656556
0.01656601
0.01656601
0.01656735
0.01659189
0.01654146
0.01656601
0.01662134
0.01651246
0.01656511
0.01707782
0.01656868
0.01656601
0.01656735
0.01656601
0.01657002
0.01656422
0.02229416
0.01656779
0.0165669
0.0165669
0.01656645
0.01656556
0.01722775
0.01657002
0.01656511
0.01656556
0.01656779
0.01656601
0.01678376
0.01668559
0.01656779
0.01656779
0.01656645
0.01656735
0.01656511
0.01656779
0.01656601
0.01656868
0.01656467
0.01656645
0.01657627
0.01655887
0.0165669
0.01711932
0.01601358
0.0165669
0.01656601
0.01656556
0.01656645
0.0165669
0.01656779
0.01701981
0.01656824
0.01656556
0.01656735
0.01656645
0.01656779
0.01656556
0.01656779
0.01656601
0.0165669
0.0165669
0.0165669
0.01656645
0.01656824
0.01656556
0.01656601
0.01668113
0.01645311
0.01656601
0.01752583
0.01656645
0.01656913
0.01656601
0.0165669
0.01656645
0.0165669
0.01656511
0.01656779
0.0165669
0.01731878
0.01657002
0.01656378
0.01656779
0.01656645
0.0165669
0.0165669
0.01656645
0.0165669
0.01656556
0.01656556
0.01656824
0.0165669
0.01656735
0.01656601
0.0165669
0.01659546
0.01653789
0.01656556
0.01657315
0.01656824
0.01656779
0.0165669
0.01656511
0.01656556
0.01656824
0.01656601
0.01656556
0.01656868
0.01656511
0.01656779
0.01656601
0.0165669
0.01666641
0.01656913
0.01656601
0.0165669
0.01656556
0.01656779
0.01656645
0.01656779
0.01656556
0.01656735
0.01656601
0.0165669
0.01656735
0.01656779
0.0165669
0.01656467
0.01656601
0.01656645
0.01656735
0.01656601
0.02241643
0.01656824
0.01656601
0.01656779
0.01656601
0.0165669
0.0165669
0.01656601
0.0165669
0.01742498
0.01656735
0.01656645
0.01657002
0.01656467
0.01656601
0.01656735
0.01656601
0.01656735
0.01656735
0.01656601
0.0165669
0.0165669
0.01656645
0.01656735
0.01656467
0.01656735
0.01656913
0.01656378
0.01656779
0.01656601
0.01656735
0.0165669
0.01656601
0.0165669
0.01656645
0.0165669
0.01656645
0.01656735
0.01656467
0.01657002
0.01656511
0.0165968
0.01653566
0.01656556
0.01656868
0.01656511
mean is: 0.01700227fps is: 58.8156766717306