0.01780784
0.02891209
0.02786436
0.02735834
0.02820795
0.02630035
0.02731729
0.02869746
0.02610178
0.02818921
0.02994331
0.02594515
0.02807631
0.02807497
0.02721064
0.02786079
0.02663992
0.02896786
0.02637844
0.02862561
0.02661627
0.02832352
0.02788444
0.02782241
0.02620932
0.03032661
0.0265239
0.02680815
0.0289759
0.01656824
0.01656735
0.0165669
0.01656601
0.0165669
0.01656779
0.01656645
0.01656735
0.01656422
0.0165669
0.01656645
0.0165669
0.01656735
0.01656556
0.01656735
0.01656645
0.01656735
0.01656779
0.01656467
0.01656601
0.01656824
0.01656645
0.0165669
0.01656601
0.01657493
0.01655887
0.01656645
0.01656735
0.03307623
0.02524994
0.01686988
0.01626481
0.0165669
0.01656645
0.0165669
0.0165669
0.01656645
0.01656645
0.01656735
0.01656601
0.01656735
0.01656601
0.01656958
0.01656422
0.01656824
0.01656601
0.01656556
0.0165669
0.01656601
0.01656645
0.0165669
0.01656645
0.01656735
0.01656601
0.0165669
0.01656645
0.0165669
0.0165669
0.0165669
0.01656601
0.01656735
0.01656645
0.01656645
0.0165669
0.0165669
0.0165669
0.01681366
0.01631925
0.01656601
0.01689219
0.01624116
mean is: 0.01995399fps is: 50.1152842808685