0.04462492
0.04128673
0.03606637
0.06081074
0.01656779
0.03876914
0.07718711
0.01656779
0.0718427
0.04440002
0.01656824
0.06259295
0.06248318
0.0395353
0.04379227
0.01656779
0.03833988
0.0775945
0.0368602
0.06522076
0.01656824
0.08993791
0.01656958
0.01844282
0.01656824
0.01656645
0.0165669
0.01656601
0.01656735
0.0165669
0.0165669
0.01656779
0.01656601
0.01656511
0.01656779
0.01685873
0.01656868
0.01656601
0.01656735
0.01697564
0.01656868
0.01656601
0.0165669
0.01656601
0.01656601
0.01656779
0.01656645
0.01656645
0.01656779
0.01656467
0.01656735
0.0165669
0.01656556
0.01656868
0.01656779
0.01656467
0.01656645
0.0165669
0.01656601
0.01656779
0.01834465
0.01656868
0.01656556
0.01656824
0.01656422
0.01656735
0.01656824
0.01787165
0.01656868
0.01656645
0.0165669
0.01656511
0.01656868
0.01656601
0.01693994
0.01656913
0.01656601
0.01656779
0.01656735
0.01656511
0.01656868
0.01656511
0.01657359
0.01842943
0.01657002
0.01656601
0.01656467
0.01656824
0.01668916
0.01656735
0.01656735
0.01656735
0.01784979
0.01656824
0.0295252
0.01656913
0.0194602
0.01656868
0.02789782
0.01656868
mean is: 0.02342903fps is: 42.6820845624065