0.02345256
0.03517705
0.03729795
0.07751776
0.01656868
0.03560676
0.07711035
0.0168324
0.06429975
0.01656824
0.08193535
0.01656779
0.03560409
0.07167358
0.01656868
0.07168384
0.01656868
0.03239976
0.07774443
0.01656824
0.0616956
0.01656868
0.06874949
0.01656779
0.07227509
0.01656824
0.07627369
0.01656779
0.0788234
0.01657359
0.07478598
0.01659501
0.03333817
0.07602692
0.01656913
0.06124893
0.01656824
0.0286564
0.03454966
0.07461106
0.01657091
0.06567948
0.01656868
0.07118318
0.01656779
0.02690766
0.03487987
0.07310238
0.01656868
0.0328268
0.07358609
0.01656824
0.06510563
0.01656868
0.06775574
0.01656824
0.07190651
0.01656824
0.0680797
0.01656868
0.07081996
0.01656824
0.02470376
0.03831622
0.07311086
0.01656824
0.06439837
0.01656824
0.06607348
0.01656868
0.06628411
0.01656779
0.07217692
0.01656868
0.07601086
0.01657091
0.07481766
0.01656868
0.07558918
0.01663428
0.07672839
0.01656824
0.0961877
0.01656868
0.03511101
0.0736316
0.01656824
0.0722617
0.01656824
0.03370228
0.07194667
0.01656735
0.06518462
0.01656824
0.02632712
0.03497446
0.07506309
0.01656824
0.03435109
0.0712162
mean is: 0.04245637fps is: 23.5535945829536