0.3333333
0.0166847
0.3333333
0.01656824
0.3333333
0.01656824
0.3333333
0.01656868
0.3333333
0.01656779
0.3333333
0.01656824
0.3333333
0.01656868
0.3333333
0.01656913
0.3333333
0.01658341
0.3333333
0.01656735
0.3333333
0.3333333
0.01656735
0.3333333
0.01656824
0.3333333
0.3333333
0.01656824
0.3333333
0.01656779
0.3333333
0.01656735
0.3333333
0.01656824
0.3333333
0.01656735
0.3333333
0.3333333
0.01656735
0.3333333
0.01656824
0.3333333
0.3333333
0.3333333
0.01656824
0.3333333
0.3333333
0.01656868
0.3333333
0.01656958
0.3333333
0.01656824
0.3333333
0.01656824
0.3333333
0.01656779
0.3333333
0.01656779
0.3333333
0.01656824
0.3333333
0.01656735
0.3333333
0.01656779
0.3333333
0.0165669
0.3333333
0.01656779
0.3333333
0.01656735
0.3333333
0.01656824
0.3333333
0.0165669
0.3333333
0.3333333
0.01656779
0.3333333
0.01656824
0.3333333
0.01656779
0.3333333
0.01656779
0.3333333
0.01656779
0.3333333
0.01656735
0.3333333
0.01656868
0.3333333
0.01656868
0.3333333
0.01656824
0.3333333
0.01656868
0.3333333
0.01656779
0.3333333
0.01656779
0.3333333
mean is: 0.1876226fps is: 5.32984765720742