0.01656936
0.3333333
0.01656802
0.3333333
0.3333333
0.01656758
0.3333333
0.01656713
0.3333333
0.3333333
0.01656713
0.3333333
0.02270707
0.3333333
0.01656847
0.3333333
0.3333333
0.02284094
0.3333333
0.0193899
0.3333333
0.02032517
0.3333333
0.01896911
0.3333333
0.01656936
0.3333333
0.3333333
0.01715926
0.3333333
0.01656758
0.3333333
0.3333333
0.02276731
0.3333333
0.01656758
0.3333333
0.01656713
0.3333333
0.01656758
0.3333333
0.01825026
0.3333333
0.01791247
0.3333333
0.01656668
0.3333333
0.01656668
0.3333333
0.01656758
0.3333333
0.01656936
0.3333333
0.01656802
0.3333333
0.01656847
0.3333333
0.01656802
0.3333333
0.01699014
0.3333333
0.01656668
0.3333333
0.01656713
0.3333333
0.01656802
0.3333333
0.3333333
0.02188648
0.3333333
0.01819805
0.3333333
0.3333333
0.0206335
0.3333333
0.01669296
0.3333333
0.3333333
0.01779021
0.3333333
0.02228495
0.3333333
0.3333333
0.01723869
0.3333333
0.01656668
0.3333333
0.01657293
0.3333333
0.01656668
0.3333333
0.01967325
0.3333333
0.01656892
0.3333333
0.3333333
0.01852736
0.3333333
0.01656713
0.3333333
0.3333333
0.01656668
0.3333333
0.01656624
0.3333333
0.3333333
0.01656668
0.3333333
0.01656758
0.3333333
0.01656758
0.3333333
0.3333333
0.01741985
0.3333333
0.02067411
0.3333333
0.01656936
0.3333333
0.01656713
0.3333333
0.01656802
0.3333333
0.01656713
0.3333333
0.01656892
0.3333333
0.01656802
0.3333333
0.01656668
0.3333333
0.01656668
0.3333333
0.01656892
0.3333333
0.01656713
0.3333333
0.01656758
0.3333333
0.01656847
0.3333333
0.01702807
0.3333333
0.01656802
0.3333333
0.01656713
0.3333333
0.02411622
0.3333333
0.01656668
0.3333333
0.01656758
0.3333333
0.01656847
0.3333333
0.01656713
0.3333333
0.01656847
0.3333333
0.01656668
0.3333333
0.01656668
0.3333333
0.01656668
0.3333333
0.01656847
0.3333333
0.01656892
0.3333333
0.01656802
0.3333333
0.01656758
0.3333333
0.3333333
0.01656713
0.3333333
0.01656758
0.3333333
0.01656758
0.3333333
0.3333333
0.01656892
0.3333333
0.01826142
0.3333333
0.01656802
0.3333333
0.02060985
0.3333333
0.01703432
0.3333333
0.01656713
0.3333333
0.01656758
0.3333333
0.01836003
0.3333333
0.01656758
0.3333333
0.01799636
0.3333333
0.01656892
0.3333333
0.01656892
0.3333333
0.01672509
0.3333333
0.01656758
0.3333333
0.01656847
0.3333333
0.01656668
0.3333333
0.01656668
0.3333333
0.01656758
0.3333333
0.01656802
0.3333333
0.01656847
0.3333333
0.01656668
0.3333333
0.01656713
0.3333333
0.02178385
0.3333333
0.01656713
0.3333333
0.01656758
0.3333333
0.01656713
0.3333333
0.01656847
0.3333333
0.01656713
0.3333333
0.0179031
0.3333333
0.01794772
0.3333333
0.01656847
0.3333333
0.01656936
0.3333333
0.01764117
0.3333333
0.01656892
0.3333333
0.01656758
0.3333333
0.3333333
0.02380967
0.3333333
0.01707626
0.3333333
0.3333333
0.01656713
0.3333333
0.01656668
0.3333333
0.3333333
0.01656713
0.3333333
0.01656713
0.3333333
0.01656802
0.3333333
0.01908245
0.3333333
0.3333333
0.3333333
0.01964736
0.3333333
0.3333333
0.01656713
0.3333333
0.02212788
0.3333333
0.01656713
0.3333333
0.01656847
0.3333333
0.01656802
0.3333333
0.01656847
0.3333333
0.01656847
0.3333333
0.01656847
0.3333333
0.01656847
0.3333333
0.01656713
0.3333333
0.01656892
0.3333333
0.01833816
0.3333333
0.01656802
0.3333333
0.01656758
0.3333333
0.01656713
0.3333333
0.01656713
0.3333333
0.01656802
0.3333333
0.3333333
0.01656713
0.3333333
0.02307297
0.3333333
0.01656713
0.3333333
0.0225616
0.3333333
0.01656847
0.3333333
0.3333333
0.01689778
0.3333333
0.01656713
0.3333333
0.3333333
0.02520678
0.3333333
0.01656758
0.3333333
0.01656847
0.3333333
0.3333333
0.01668939
0.3333333
0.01656713
0.3333333
0.01656713
0.3333333
0.01656668
0.3333333
0.01656713
0.3333333
0.01656758
0.3333333
0.01656758
0.3333333
0.01656668
0.3333333
0.01656758
0.3333333
0.01656668
0.3333333
0.01656758
0.3333333
0.01656758
0.3333333
0.01656892
0.3333333
0.01656713
0.3333333
0.01656936
0.3333333
0.01656758
0.3333333
0.01656758
0.3333333
0.01656713
0.3333333
0.01656847
0.3333333
0.01674383
0.3333333
0.01819939
0.3333333
0.01656758
0.3333333
0.01656758
0.3333333
0.01656802
0.3333333
0.01656713
0.3333333
0.01656802
0.3333333
0.01656802
0.3333333
0.01656802
0.3333333
0.01656668
0.3333333
0.3333333
0.01656713
0.3333333
0.01656668
0.3333333
0.3333333
0.01656713
0.3333333
0.01656713
0.3333333
0.01656713
0.3333333
0.01656847
0.3333333
0.01656802
0.3333333
0.01656713
0.3333333
0.01656758
0.3333333
0.01656713
0.3333333
0.03049489
0.3333333
0.01656713
0.3333333
0.0174203
0.3333333
0.01656668
0.3333333
0.01656713
0.3333333
0.01656668
0.3333333
0.01656892
0.3333333
0.01656847
0.3333333
0.01727483
0.3333333
0.01656892
0.3333333
0.01680809
0.3333333
0.01656668
0.3333333
0.01656758
0.3333333
0.01656713
0.3333333
0.01656668
0.3333333
0.01656892
0.3333333
0.01682683
0.3333333
0.01660506
0.3333333
0.01656892
0.3333333
0.01656758
0.3333333
0.01656847
0.3333333
0.01656668
0.3333333
0.3333333
0.01656713
0.3333333
0.01712847
0.3333333
0.01656802
0.3333333
0.3333333
0.01656758
0.3333333
0.02046082
0.3333333
0.01656713
0.3333333
0.01656936
0.3333333
0.01945638
0.3333333
0.01656802
0.3333333
0.01656758
0.3333333
0.01656802
0.3333333
0.01656758
0.3333333
0.01656758
0.3333333
0.01658052
0.3333333
0.01689733
0.3333333
0.3333333
0.01656758
0.3333333
0.01753631
0.3333333
0.3333333
0.01687011
0.3333333
0.01663852
0.3333333
0.01656892
0.3333333
0.0169714
0.3333333
0.01656802
0.3333333
0.01676793
0.3333333
0.01656713
0.3333333
0.01656758
0.3333333
0.01656668
0.3333333
0.01656713
0.3333333
0.01656758
0.3333333
0.01656758
0.3333333
0.01656802
0.3333333
0.01656758
0.3333333
0.01715123
0.3333333
0.01656847
0.3333333
0.01656847
0.3333333
0.01778887
0.3333333
0.01656847
0.3333333
0.01656847
0.3333333
0.01656758
0.3333333
0.01656892
0.3333333
0.01726144
0.3333333
0.3333333
0.01732927
0.3333333
0.02126178
0.3333333
0.3333333
0.01656713
0.3333333
0.01656892
0.3333333
0.3333333
0.3333333
0.01656758
0.3333333
0.01656668
0.3333333
0.01656758
0.3333333
0.01656802
0.3333333
0.01656802
0.3333333
0.01656713
0.3333333
0.01656713
0.3333333
0.01656758
0.3333333
0.3333333
0.01656847
0.3333333
0.01656758
0.3333333
0.3333333
0.01656713
0.3333333
0.01656713
0.3333333
0.01656668
0.3333333
0.01953849
0.3333333
0.01858135
0.3333333
0.01656758
0.3333333
0.01656802
0.3333333
0.01656758
0.3333333
0.01656802
0.3333333
0.01656802
0.3333333
0.01656713
0.3333333
0.01656713
0.3333333
0.01656847
0.3333333
0.01656936
0.3333333
0.01656713
0.3333333
0.01656847
0.3333333
0.01656847
0.3333333
0.01656758
0.3333333
0.02132514
0.3333333
0.01816057
0.3333333
0.01687145
0.3333333
0.01656847
0.3333333
0.01656713
0.3333333
0.01741583
0.3333333
0.01656936
0.3333333
0.01656936
0.3333333
0.01656847
0.3333333
0.01823777
0.3333333
0.01751445
0.3333333
0.3333333
0.01656713
0.3333333
0.01656758
0.3333333
0.3333333
0.3333333
0.01747831
0.3333333
0.3333333
0.01656668
0.3333333
0.01656758
0.3333333
0.01656758
0.3333333
0.01656758
0.3333333
0.01656713
0.3333333
0.3333333
0.01704637
0.3333333
0.01656758
0.3333333
0.01656713
0.3333333
0.3333333
0.01656668
0.3333333
0.01656802
0.3333333
0.01656713
0.3333333
0.02087624
0.3333333
0.3333333
0.3333333
0.01656713
0.3333333
0.3333333
0.01656758
0.3333333
0.01740379
0.3333333
0.01656802
0.3333333
0.01670412
0.3333333
0.01656847
0.3333333
0.3333333
0.01656758
0.3333333
0.01656668
0.3333333
0.01656892
0.3333333
0.01656892
0.3333333
0.01656713
0.3333333
0.01656668
0.3333333
0.01656668
0.3333333
0.01656802
0.3333333
0.01656758
0.3333333
0.02263121
0.3333333
0.3333333
0.01656713
0.3333333
0.01758629
0.3333333
0.3333333
0.3333333
0.01725609
0.3333333
0.3333333
0.01656758
0.3333333
0.01656713
0.3333333
0.01656713
0.3333333
0.3333333
0.02151657
0.3333333
0.01656758
0.3333333
0.02175217
0.3333333
0.02213725
0.3333333
0.01656802
0.3333333
0.3333333
0.01656713
0.3333333
0.01933769
0.3333333
0.01656892
0.3333333
0.01656981
0.3333333
0.01656936
0.3333333
0.01656892
0.3333333
0.01656847
0.3333333
0.01656892
0.3333333
0.01718603
0.3333333
0.01656758
0.3333333
0.01718737
0.3333333
0.01656668
0.3333333
0.01656847
0.3333333
0.3333333
0.02222783
0.3333333
0.01656713
0.3333333
0.3333333
0.3333333
0.01884462
0.3333333
0.3333333
0.01784153
0.3333333
0.01656713
0.3333333
0.01693437
0.3333333
0.01692589
0.3333333
0.01656802
0.3333333
0.01656758
0.3333333
0.01656758
0.3333333
0.01656713
0.3333333
0.01656758
0.3333333
0.01696025
0.3333333
0.01656758
0.3333333
0.01656713
0.3333333
0.02101591
0.3333333
0.01656713
0.3333333
0.01771971
0.3333333
0.0188
0.3333333
0.01656936
0.3333333
0.01656758
0.3333333
0.01656802
0.3333333
0.01656713
0.3333333
0.01656758
0.3333333
0.01658453
0.3333333
0.01740423
0.3333333
0.3333333
0.01656668
0.3333333
0.01656758
0.3333333
0.3333333
0.01718603
0.3333333
0.01656758
0.3333333
0.01656713
0.3333333
0.01656758
0.3333333
0.02246076
0.3333333
0.01656892
0.3333333
0.01656892
0.3333333
0.3333333
0.01791783
0.3333333
0.01656668
0.3333333
0.3333333
0.02474093
0.3333333
0.01656758
0.3333333
0.02156208
0.3333333
0.01656713
0.3333333
0.01656936
0.3333333
0.01656892
0.3333333
0.01881963
0.3333333
0.01656892
0.3333333
0.01656802
0.3333333
0.3333333
0.01656758
0.3333333
0.01766795
0.3333333
0.3333333
0.0238601
0.3333333
0.01766348
0.3333333
0.01740959
0.3333333
0.01656936
0.3333333
0.01656847
0.3333333
0.3333333
0.01704994
0.3333333
0.01656668
0.3333333
0.3333333
0.01668225
0.3333333
0.01874511
0.3333333
0.01656981
0.3333333
0.3333333
0.01724895
0.3333333
0.01656713
0.3333333
0.3333333
0.01941355
0.3333333
0.01656758
0.3333333
0.3333333
0.02030107
0.3333333
0.01656713
0.3333333
0.01656847
0.3333333
0.01758718
0.3333333
0.01656892
0.3333333
0.3333333
0.01656758
0.3333333
0.0195077
0.3333333
0.01656713
0.3333333
0.01861973
0.3333333
0.01656892
0.3333333
0.01656802
0.3333333
0.01664343
0.3333333
0.01656892
0.3333333
0.01656713
0.3333333
0.01658766
0.3333333
0.01656758
0.3333333
0.01656713
0.3333333
0.016618
0.3333333
0.01656892
0.3333333
0.01656802
0.3333333
0.01656758
0.3333333
0.01940373
0.3333333
0.3333333
0.01750374
0.3333333
0.02049428
0.3333333
0.3333333
0.0194256
0.3333333
0.02458074
0.3333333
0.01656668
0.3333333
0.01656758
0.3333333
0.01656892
0.3333333
0.01656847
0.3333333
0.3333333
0.01976427
0.3333333
0.01838814
0.3333333
0.01656892
0.3333333
0.01656668
0.3333333
0.01745778
0.3333333
0.3333333
0.01656713
0.3333333
0.02178028
0.3333333
0.01656847
0.3333333
0.3333333
0.01656758
0.3333333
0.01656668
0.3333333
0.3333333
0.0170419
0.3333333
0.01656668
0.3333333
0.01656847
0.3333333
0.01818645
0.3333333
0.01656936
0.3333333
0.01656802
0.3333333
0.01656936
0.3333333
0.01656892
mean is: 0.1869852fps is: 5.34801731414077